svm: c=0.1, balance weight
[ 0.54578476  0.53608398  0.52954763  0.53571137  0.53210532]
[[2804 2100  962]
 [ 394 1538  757]
 [   6  625  814]]

svm: c=0.1
[ 0.54578476  0.53608398  0.52954763  0.53571137  0.53210532]
[[2804 2100  962]
 [ 394 1538  757]
 [   6  625  814]]

decision_tree:
[ 0.70541803  0.70279273  0.68021849  0.69963778  0.68778707  0.70916066
  0.69897918  0.6862799   0.69602143  0.71321303]
[[3576 1501  772]
 [ 500 1474  721]
 [ 133  414  909]]

decision tree: auto
[ 0.72629624  0.73122315  0.71292564  0.74237563  0.7076826   0.72220987
  0.70225321  0.70480855  0.71364059  0.71070332]
[[4403 1034  356]
 [ 855 1490  379]
 [ 301  363  819]]

random forest:
[ 0.7379395   0.73612769  0.7395548   0.73469639  0.73716771  0.72558291
  0.74066313  0.74541561  0.7374501   0.73493468]
[[4778  893  308]
 [ 931 1356  302]
 [ 302  342  788]]

logistic regression:
[ 0.51449383  0.52172192  0.51965436  0.51519516  0.5188073   0.51236393
  0.5217038   0.52656962  0.51946248  0.52844083]
[[3658  479 1688]
 [ 975  515 1240]
 [ 241  202 1002]]

logistic regressionCV:
0.5243
[[3597  916 1343]
 [ 937  778  998]
 [ 222  341  868]]
